50
50
75
66
48
72
63
45
75
63
47
78
66
50
81
65
50
80
64
49
81
63
51
80
62
50
75
59
46
73
57
44
69
55
46
65
52
45
62
51
45
60
51
46
60
52
51
60
52
49
66
58
53
71
64
55
75
67
56
81
73
62
84
74
66
88
78
70
83
73
61
84
75
60
84
76
61
79
71
58
79
70
63
75
66
59
76
63
57
81
68
61
79
65
56
90
76
65
90
78
66
92
80
64
94
82
66
93
81
65
86
76
64
82
72
60
84
75
60
88
80
57
88
82
48
89
84
44
92
84
47
93
84
51
96
84
60
100
87
68
102
86
70
100
84
69
99
82
72
99
82
74
81
72
54
76
67
49
78
67
49
81
68
51
83
67
51
82
66
50
82
64
50
81
63
49
77
61
48
76
60
47
72
58
49
68
55
48
63
52
46
61
52
47
61
51
49
60
52
47
61
54
46
58
51
42
67
59
48
66
58
47
71
60
54
74
63
57
78
68
58
78
68
56
76
68
55
74
66
53
71
62
54
76
65
59
79
66
60
75
62
55
94
80
69
90
76
63
94
81
65
93
82
64
92
81
63
89
78
60
82
72
60
78
68
56
80
71
56
83
75
54
81
75
41
83
78
40
86
78
41
87
78
45
89
77
53
91
78
59
93
78
59
91
75
60
91
74
64
91
74
66
85
74
56
80
69
51
80
67
50
82
69
50
84
69
50
83
68
49
84
67
51
82
65
49
81
63
49
80
64
51
76
62
53
72
59
50
66
56
48
62
53
46
61
52
45
61
52
45
51
44
35
61
54
45
60
51
43
66
57
50
71
60
56
76
65
61
81
70
66
73
62
56
73
65
54
77
69
56
78
68
58
76
66
58
86
73
67
88
75
66
97
84
68
98
85
66
98
86
64
96
84
62
91
80
58
85
74
54
78
69
54
75
65
53
76
68
53
78
72
50
81
74
45
84
78
42
88
79
44
88
79
46
89
77
52
89
77
55
90
75
54
88
72
56
87
70
60
88
71
63
82
71
51
79
68
46
81
69
47
84
72
48
87
72
49
86
71
48
86
69
49
84
67
49
82
64
50
83
65
53
81
64
54
76
62
53
70
57
50
64
54
46
63
53
45
62
53
45
63
54
46
54
47
38
55
46
41
63
54
49
76
65
59
78
67
63
76
65
63
79
68
66
81
72
67
80
71
66
83
72
66
95
84
78
92
79
73
97
83
74
100
84
68
104
89
68
102
87
64
98
86
62
94
82
58
86
75
55
79
70
55
76
66
54
77
69
54
79
72
53
82
75
46
87
81
47
92
83
48
92
83
50
91
79
54
89
77
53
89
74
53
86
71
52
84
67
57
86
69
61
79
69
43
78
68
42
83
71
46
87
76
48
89
75
48
88
74
47
87
71
47
84
67
47
81
64
48
82
64
50
82
65
55
78
64
53
72
59
50
67
57
47
65
55
45
64
56
45
63
54
46
70
61
54
74
63
61
74
63
59
84
74
64
76
66
56
84
73
69
83
71
73
77
66
74
112
100
111
88
76
80
85
74
72
93
80
74
97
83
72
99
83
68
100
85
66
100
85
64
100
85
62
95
83
61
88
77
59
79
70
55
77
67
55
77
69
54
80
73
54
83
78
50
88
84
49
94
88
52
95
86
53
93
82
54
91
79
55
90
75
54
87
72
53
84
70
59
86
72
63
80
70
42
80
71
40
84
73
43
86
75
45
87
73
44
85
71
42
83
67
43
79
63
40
79
62
44
80
62
48
81
65
52
80
63
53
76
62
53
72
59
52
71
58
51
68
58
50
74
65
57
64
55
48
72
61
59
85
74
70
77
67
57
90
80
72
89
77
81
77
63
80
132
117
148
162
147
180
130
115
138
89
75
88
90
74
76
94
80
71
92
76
63
92
76
60
96
79
61
96
79
59
93
78
59
86
73
57
79
67
55
75
65
53
76
68
53
78
71
52
86
81
53
91
87
52
96
90
56
96
90
56
95
85
57
94
82
58
93
78
57
90
74
58
89
75
64
92
78
69
85
74
44
84
73
43
87
73
44
86
72
43
83
67
41
80
64
40
78
62
39
75
58
38
76
59
41
78
60
46
79
63
50
80
63
55
78
63
57
77
64
58
76
62
59
73
62
56
77
68
61
75
66
58
82
72
64
83
73
65
85
72
65
94
79
82
80
65
88
141
122
165
160
140
203
134
113
180
135
115
168
119
102
138
85
67
80
86
71
68
96
79
69
98
80
66
94
77
61
94
77
61
90
74
59
83
69
56
78
66
54
76
66
54
78
70
55
80
75
53
84
80
52
89
86
51
94
90
55
95
89
55
95
85
59
94
82
60
93
78
59
90
74
59
89
75
64
93
79
70
89
78
46
88
77
47
89
75
48
86
72
47
80
64
41
77
60
40
76
59
39
74
57
39
75
58
42
77
59
45
78
62
49
81
64
54
80
65
59
81
66
61
79
65
62
79
65
64
76
65
61
76
67
60
77
67
57
83
73
65
88
74
75
84
67
85
136
117
160
145
123
189
135
111
197
128
104
192
128
104
180
135
114
170
97
79
105
93
77
80
97
80
72
96
78
64
97
80
62
96
79
61
91
75
60
84
70
57
81
69
57
82
72
60
85
78
60
86
81
59
85
81
53
90
87
54
95
91
56
96
90
56
97
87
61
96
84
62
96
80
64
93
77
64
89
75
64
93
79
70
94
80
51
94
80
53
87
71
47
85
68
48
83
66
48
73
56
40
68
51
35
72
55
39
69
52
36
72
55
39
73
57
42
79
63
50
84
70
61
83
68
62
80
65
62
83
69
68
80
68
69
82
71
67
85
75
63
80
69
63
82
65
81
118
97
138
140
118
184
131
105
192
131
105
204
121
95
196
124
99
192
130
106
181
117
96
137
90
72
86
98
81
75
99
84
65
102
86
63
95
79
56
93
78
59
86
73
57
83
71
57
84
75
60
93
86
67
92
86
62
92
87
59
96
91
59
101
95
61
100
94
62
100
90
62
99
87
65
101
85
69
101
85
72
99
85
74
101
87
78
97
83
54
93
79
50
90
74
50
79
62
42
66
49
31
65
48
32
70
53
37
64
47
31
73
56
40
74
59
40
75
60
41
79
63
47
83
69
56
84
70
61
84
69
64
87
73
72
91
77
78
84
73
69
87
77
65
84
73
71
99
79
112
144
120
180
135
110
191
134
109
203
126
99
203
125
98
202
135
109
208
118
95
175
133
114
159
88
71
87
91
76
70
99
84
63
101
87
62
100
86
61
98
85
66
95
82
66
89
77
63
89
80
63
90
81
63
95
89
65
98
93
65
102
97
67
106
100
68
104
98
66
103
93
65
100
90
65
100
87
70
102
86
73
103
89
78
104
90
81
101
86
55
94
79
48
86
71
42
79
63
39
75
59
36
73
56
36
72
55
37
71
54
34
70
55
34
78
63
42
81
66
45
79
66
47
84
71
55
88
74
63
87
74
65
85
72
65
89
76
70
90
77
71
89
76
69
82
66
76
146
124
172
138
112
185
125
99
188
134
108
205
124
98
197
122
98
196
126
102
196
124
102
177
132
114
154
82
66
78
92
78
69
99
87
65
103
91
66
107
95
71
99
86
69
95
81
68
99
87
73
91
82
67
96
87
70
91
83
62
101
93
68
104
97
70
106
100
68
105
99
65
104
95
64
101
91
65
101
88
69
100
87
71
101
87
76
102
88
79
97
82
49
91
76
43
82
67
36
75
60
31
74
58
32
73
57
34
74
57
37
82
67
48
83
67
51
83
67
52
83
69
58
89
75
66
92
77
71
91
76
71
91
77
76
95
81
80
92
78
75
91
77
74
87
73
74
106
89
109
147
123
182
137
112
193
139
112
206
133
107
206
125
101
199
131
107
203
128
105
197
132
112
183
112
96
132
82
69
80
99
86
80
102
88
75
108
94
81
107
94
85
105
90
87
106
92
91
100
86
83
104
91
84
96
84
70
100
91
73
103
92
70
103
96
69
105
99
65
103
97
63
102
93
60
100
90
62
98
87
67
97
84
68
99
85
74
101
87
78
100
84
51
91
75
42
90
74
41
84
68
35
79
64
33
87
71
47
87
72
53
81
65
52
86
68
64
87
71
73
88
71
79
86
68
81
85
69
82
89
72
88
91
74
90
88
72
84
90
75
80
88
73
76
97
81
93
123
104
134
146
121
186
137
112
197
134
107
202
127
101
202
123
98
202
118
96
196
123
103
192
128
108
177
104
89
122
93
79
92
96
81
88
106
91
98
109
93
106
114
99
119
116
98
120
109
92
112
101
85
98
100
85
88
105
92
85
103
91
75
106
94
72
106
96
68
107
98
63
105
97
60
102
93
58
99
89
61
95
84
64
92
80
66
96
83
74
100
87
80
98
81
53
93
76
46
94
78
45
91
74
44
92
77
48
95
79
56
93
77
64
100
82
80
104
86
99
117
97
122
133
111
147
144
122
162
153
132
175
164
143
186
166
145
186
158
138
175
154
135
164
116
98
124
85
66
96
132
111
154
146
121
188
141
116
199
138
113
206
134
109
210
117
94
198
133
111
211
122
102
191
134
117
185
94
79
120
106
91
120
149
132
166
163
145
185
149
130
177
142
122
173
147
127
178
152
133
178
153
134
164
140
123
139
112
96
96
103
90
74
105
93
69
106
95
63
106
96
60
104
96
57
102
94
57
99
90
59
94
86
65
91
81
69
95
82
73
98
85
78
107
86
65
112
92
69
112
95
69
107
90
64
108
92
68
102
85
69
103
85
83
137
116
131
173
151
187
156
132
184
147
122
189
148
122
195
142
115
192
134
108
183
135
112
184
143
117
188
143
117
188
165
139
204
141
116
171
125
100
155
147
122
189
140
116
192
147
123
211
126
102
198
123
101
201
127
105
203
130
112
198
117
99
173
95
76
139
136
116
179
134
110
186
127
102
187
126
102
188
125
101
187
128
103
186
121
98
168
130
108
157
164
145
174
107
91
94
106
90
77
105
91
66
104
94
58
104
95
54
104
95
52
102
94
55
101
92
61
96
87
70
93
83
73
96
83
76
98
85
78
111
92
75
113
95
75
121
103
80
120
104
78
123
107
83
119
103
87
111
93
91
120
101
122
135
111
160
133
108
176
135
110
195
137
110
204
138
111
205
143
117
208
143
119
207
138
112
199
145
116
206
148
120
204
163
137
210
166
141
208
160
135
203
151
127
203
140
116
202
132
109
201
127
103
197
134
111
203
129
109
194
117
98
179
135
114
191
128
106
190
128
104
202
129
103
210
128
102
211
132
107
211
127
102
196
130
106
182
161
139
188
115
97
121
109
93
95
109
96
80
104
92
67
105
95
59
105
96
55
104
97
53
103
95
56
102
92
64
96
87
72
93
83
75
93
80
73
92
79
72
108
93
74
115
100
79
122
107
84
126
112
85
126
112
83
124
110
85
120
104
91
115
97
110
133
113
162
128
106
180
127
104
194
126
102
198
121
100
193
127
106
198
138
118
207
140
118
203
141
116
201
151
126
209
149
124
207
159
135
213
161
137
213
149
126
204
145
120
205
131
105
194
135
109
196
136
110
197
134
110
196
142
118
206
134
111
199
126
105
197
128
111
207
132
111
214
132
108
220
132
106
213
132
108
194
158
136
198
151
131
164
106
91
98
110
97
88
109
98
78
112
102
76
111
105
71
110
105
67
108
103
63
109
103
67
106
99
72
102
90
76
99
86
79
92
79
72
89
76
69
107
94
75
113
100
81
123
108
85
127
113
86
128
115
83
127
113
84
122
110
88
119
105
106
133
116
152
123
103
166
126
104
189
126
105
200
125
103
201
126
105
200
125
104
197
128
105
195
136
112
200
146
120
207
146
122
210
150
126
211
156
133
211
154
130
206
156
132
208
138
111
190
135
108
187
143
116
197
141
113
199
142
116
205
136
112
206
134
113
208
126
109
205
129
109
208
132
107
210
139
114
207
176
153
221
165
146
189
112
95
113
116
102
99
107
95
81
111
100
78
114
104
79
114
107
78
113
107
71
110
106
68
112
106
72
112
102
76
107
95
79
106
93
84
97
84
77
94
81
74
108
95
78
113
100
81
121
106
87
124
109
86
125
112
80
125
112
80
122
110
86
121
109
97
118
105
114
135
119
155
126
104
176
119
96
188
127
102
205
127
102
206
127
102
203
126
100
199
130
102
202
131
104
199
140
114
205
150
125
210
158
134
210
154
128
199
166
141
206
154
128
193
145
118
189
157
131
206
163
136
215
132
107
192
137
110
204
131
105
202
139
115
209
142
119
207
160
136
214
177
153
215
152
129
171
108
88
111
120
103
109
111
96
90
117
103
92
113
102
84
120
110
85
119
112
83
118
112
78
116
110
74
118
109
78
116
106
80
114
101
82
112
98
85
105
92
83
102
89
82
105
92
75
108
95
76
115
100
81
118
103
80
119
105
76
120
107
75
122
108
79
121
109
85
119
107
93
119
106
115
134
115
160
130
109
178
125
101
187
129
103
200
130
104
201
137
111
210
136
110
209
133
106
203
133
107
198
140
112
198
160
133
212
187
160
229
209
184
239
189
165
215
174
149
206
189
163
228
201
175
248
149
122
203
136
107
197
145
116
206
148
121
202
165
140
207
178
151
202
151
127
159
109
86
102
120
100
103
118
99
94
119
102
92
121
104
94
124
111
95
123
112
90
124
114
86
120
114
80
118
112
78
121
112
81
121
109
84
119
104
83
118
102
86
111
97
86
107
94
87
92
79
60
96
84
62
104
89
68
109
94
71
115
99
73
118
105
73
121
108
73
122
112
76
120
111
80
125
116
98
118
106
110
127
111
139
136
116
169
129
106
176
130
105
188
130
106
194
135
110
201
140
116
204
142
116
203
141
113
199
149
120
202
181
151
221
207
181
228
198
174
210
191
169
205
200
177
223
189
164
229
136
110
185
147
118
202
146
115
192
181
152
206
174
147
180
125
101
117
113
88
91
117
94
86
113
91
77
116
97
80
120
101
86
119
103
88
116
103
87
123
112
90
123
113
87
121
112
79
119
110
77
122
111
81
122
110
85
120
105
82
118
102
86
109
95
84
107
92
86
77
64
45
81
69
47
89
74
51
97
83
58
106
90
66
114
98
72
119
106
72
121
111
75
126
116
81
119
109
81
123
114
97
114
102
104
106
90
118
117
97
148
125
102
172
127
104
184
125
103
185
129
107
189
138
113
196
155
128
207
170
140
214
186
158
219
199
174
213
200
177
205
213
193
220
205
185
222
185
162
218
148
123
188
154
126
187
164
136
184
128
100
125
107
80
87
118
93
86
109
86
70
112
90
68
116
94
70
115
95
72
115
97
75
119
102
86
118
105
88
121
109
87
121
111
83
118
109
76
116
107
72
119
108
78
117
105
80
115
98
78
113
95
81
106
89
79
104
89
83
80
64
48
79
64
45
81
65
42
86
70
46
94
78
55
103
87
64
111
97
72
115
104
76
116
104
79
126
116
91
120
112
91
115
106
98
111
98
115
104
88
126
118
99
156
139
118
187
148
130
203
142
124
198
143
121
196
163
137
208
192
164
222
195
168
211
185
162
192
173
153
178
213
194
223
233
216
252
192
172
223
148
126
174
121
98
124
114
88
97
104
76
72
115
87
73
114
87
67
109
85
59
110
85
62
99
77
53
94
74
49
106
88
65
105
89
66
107
95
71
113
101
77
114
104
76
111
105
69
111
103
66
112
102
67
109
98
70
108
91
75
107
89
79
105
88
80
106
89
81
91
75
59
85
70
51
79
63
40
79
63
39
84
67
47
93
76
58
103
88
69
109
97
75
117
106
84
118
109
91
113
105
94
118
109
112
142
129
156
149
133
179
130
111
174
117
97
170
110
92
168
124
106
182
160
138
213
195
170
238
214
187
238
188
163
202
196
172
206
226
205
238
162
144
184
221
201
252
152
130
192
154
132
180
126
104
116
109
86
76
104
77
60
108
80
58
105
79
52
98
74
46
96
71
48
89
67
45
85
65
42
87
69
46
96
80
56
99
87
62
101
91
63
104
98
66
105
100
62
105
100
60
107
99
62
105
94
66
105
89
74
106
87
80
107
90
82
109
92
84
100
83
63
94
77
57
88
70
48
83
65
43
87
68
51
92
75
59
96
80
65
104
91
74
110
99
77
111
102
87
111
101
111
139
128
162
128
113
172
120
102
178
118
98
183
120
100
189
127
108
197
153
133
220
145
123
205
136
113
185
155
130
187
175
151
200
188
166
214
203
183
236
160
140
203
150
128
202
140
116
201
151
126
191
132
109
129
108
85
77
93
65
51
104
76
56
101
75
50
99
75
49
94
69
49
87
64
46
85
64
45
84
68
45
89
75
50
96
85
57
95
89
57
99
95
58
101
98
57
102
97
55
103
95
58
101
90
62
101
85
72
102
85
79
109
92
84
113
96
88
104
88
64
97
81
57
95
77
55
89
71
49
86
67
50
91
74
58
97
79
65
99
85
72
110
98
84
107
97
98
142
128
163
130
114
176
126
108
192
123
103
198
131
111
206
139
120
212
165
145
232
144
125
206
142
122
195
150
127
195
142
118
180
151
127
189
165
142
210
146
124
198
150
128
212
134
111
201
144
120
214
147
124
196
162
140
163
124
101
95
94
66
54
101
74
55
101
76
53
99
77
53
95
72
52
89
68
49
85
67
47
84
67
47
84
72
47
88
79
48
92
86
50
97
94
53
99
96
51
99
96
53
100
95
57
99
89
61
98
85
69
102
85
75
104
87
79
107
90
82
107
90
60
98
81
53
104
84
61
105
84
63
95
77
57
93
76
58
100
82
68
104
89
83
101
86
93
137
122
151
144
125
188
133
113
198
125
104
206
140
119
224
147
127
224
160
140
227
153
133
204
164
146
204
130
112
162
91
72
125
131
108
176
140
117
197
149
126
216
143
122
217
137
115
213
143
121
219
135
111
207
144
121
193
161
138
164
127
106
102
93
67
54
99
74
53
102
81
54
104
84
57
102
82
55
95
78
52
92
76
53
89
74
53
87
75
50
87
78
47
92
87
47
95
93
46
98
96
49
97
94
49
97
91
55
97
87
59
97
85
63
99
86
70
101
87
74
104
90
79
110
93
63
104
87
59
109
89
64
111
91
68
108
90
68
106
87
70
105
87
75
107
88
92
121
102
131
157
137
190
127
106
185
125
101
195
156
134
232
159
138
231
166
147
226
164
145
208
141
124
168
93
76
110
83
66
98
107
90
136
144
122
196
135
112
204
153
131
233
146
123
229
133
112
215
137
115
217
135
111
209
130
107
177
162
143
164
117
97
86
88
67
46
98
79
49
106
90
56
110
96
59
109
95
58
105
91
56
102
89
57
102
88
59
97
86
54
95
87
50
95
91
43
97
96
42
98
96
45
97
95
48
96
90
54
95
85
57
96
84
60
100
87
68
106
92
79
109
95
84
113
96
70
116
99
73
113
96
70
107
89
66
115
95
72
117
98
81
110
91
84
111
90
105
158
134
186
132
105
182
146
120
207
160
136
222
169
147
222
159
139
198
156
140
179
111
96
117
91
74
80
87
71
74
91
74
94
112
93
138
138
115
195
138
114
212
143
121
223
139
118
221
130
109
214
134
112
214
129
105
203
131
109
175
131
114
122
142
126
100
84
68
34
107
92
50
112
102
51
114
107
54
116
106
54
112
102
51
112
101
55
111
100
56
106
97
53
103
97
47
101
99
42
102
100
41
101
98
44
99
95
47
100
92
55
97
87
59
99
87
63
103
90
71
111
99
85
113
101
89
115
97
74
120
103
77
120
103
77
117
100
74
122
102
77
118
97
76
118
98
89
138
116
130
158
132
179
162
136
201
179
154
222
181
157
217
151
130
173
135
117
143
122
106
116
112
97
92
108
91
75
90
72
60
83
66
74
97
77
112
138
117
186
133
113
202
135
115
212
136
115
217
131
110
212
131
109
209
137
112
206
134
113
171
120
106
97
141
130
86
105
93
43
110
99
43
118
113
49
119
116
47
119
114
48
116
111
47
118
109
50
117
108
49
112
106
46
111
105
43
109
106
39
107
106
41
105
103
44
104
101
50
105
97
60
103
93
65
104
92
70
108
95
79
112
100
86
113
101
89
119
103
77
120
104
78
125
108
82
128
111
83
128
109
77
119
99
72
123
102
85
146
125
121
154
132
142
154
133
150
141
119
141
130
112
128
126
110
113
127
112
107
128
111
101
120
102
88
109
88
71
107
85
72
87
68
64
70
53
69
125
108
152
137
121
186
131
113
199
129
109
204
132
112
207
128
107
199
140
116
201
154
135
178
124
113
81
137
130
62
129
120
55
110
103
33
119
118
38
118
120
37
118
116
39
118
114
40
122
116
42
121
115
39
119
113
35
118
115
36
117
113
39
115
112
41
113
109
48
112
106
54
113
103
65
110
99
71
111
95
80
112
98
87
113
101
89
113
101
89
126
111
82
125
110
81
127
110
80
125
108
78
128
109
76
128
109
77
122
102
79
122
101
84
123
104
90
120
102
90
128
109
102
137
120
110
133
117
101
134
119
98
128
111
91
120
102
82
112
91
72
101
80
63
89
71
59
79
63
65
73
58
79
119
104
145
134
118
182
132
114
188
135
114
191
141
119
191
142
121
180
156
139
159
100
92
45
166
163
82
153
148
67
111
109
26
115
118
29
114
119
27
113
116
27
115
118
29
120
120
30
121
120
30
120
119
28
123
122
32
121
120
37
120
118
43
118
115
48
117
112
56
118
109
66
114
103
73
113
97
81
115
98
88
115
101
90
114
102
88
129
113
80
128
112
79
128
112
79
127
111
78
128
109
77
125
106
74
124
104
77
124
104
79
127
106
85
128
110
90
132
114
94
135
118
98
135
118
98
131
114
94
123
108
87
119
102
82
109
91
69
96
78
56
85
68
52
86
69
59
78
62
64
64
50
63
91
75
104
142
124
163
174
155
200
161
143
182
179
161
183
103
90
81
98
91
39
129
126
47
161
160
69
137
138
42
112
118
22
111
118
22
107
115
14
108
116
14
116
125
20
116
123
21
119
125
25
125
131
35
124
127
38
121
123
40
123
121
48
120
116
53
120
112
63
120
107
72
116
100
77
116
100
85
116
100
85
115
102
86
130
114
80
128
112
78
127
111
77
126
110
76
127
108
76
126
107
75
124
105
75
124
105
75
126
106
81
129
109
84
132
114
91
135
117
94
134
118
95
131
115
92
123
108
87
117
102
81
108
90
70
105
86
69
92
75
59
83
65
51
84
67
57
79
64
59
69
54
59
64
48
60
76
59
77
96
80
90
90
77
68
102
93
60
118
114
51
111
110
27
142
142
46
153
158
55
117
123
25
106
117
15
108
117
12
111
123
15
109
118
9
119
128
21
124
133
28
118
126
25
122
128
32
121
124
35
124
123
41
121
118
47
120
113
58
120
108
66
115
99
73
113
96
78
110
94
78
111
95
79
129
113
79
126
110
76
126
107
74
125
106
73
125
106
74
124
105
73
125
104
75
124
103
74
125
105
80
130
110
85
132
114
91
133
115
92
133
117
94
131
115
92
124
109
86
117
102
83
108
89
75
98
78
69
89
71
61
90
72
62
91
75
62
86
72
61
82
69
62
83
70
64
85
72
65
95
83
67
99
93
59
111
108
54
112
113
37
121
124
33
117
119
20
141
146
45
154
160
60
103
111
10
107
114
12
111
120
15
114
121
17
118
125
21
123
130
28
123
130
28
122
127
27
121
125
28
125
126
34
122
121
39
120
115
49
118
110
61
110
97
65
104
89
68
102
86
70
102
86
71
127
111
77
123
107
73
121
102
69
120
101
69
120
101
69
121
102
72
122
101
72
123
102
75
124
104
79
129
109
84
133
113
90
131
113
90
132
114
92
131
115
92
126
110
87
119
102
84
118
98
87
106
86
79
98
79
72
96
78
68
92
76
63
91
75
60
93
80
64
94
83
65
98
87
65
93
84
49
107
104
51
116
116
44
112
115
26
123
128
28
117
122
19
122
129
25
127
132
32
147
153
55
106
111
11
115
121
21
110
116
18
115
121
23
119
125
25
119
126
24
120
125
22
121
126
23
125
127
28
120
120
32
118
114
42
114
107
54
104
91
56
95
80
57
91
76
57
91
75
60
126
107
75
121
102
70
116
97
65
115
96
66
117
96
67
118
97
70
120
99
72
121
99
75
123
101
77
127
107
82
131
111
88
129
111
88
130
112
90
130
114
91
127
111
88
120
103
83
111
92
77
104
84
73
100
82
72
100
82
72
97
81
68
98
82
67
98
85
68
94
82
58
101
92
61
105
98
53
108
107
42
117
121
36
123
129
29
116
124
15
119
127
16
113
121
12
124
129
29
120
124
27
145
146
52
104
107
15
122
125
34
123
126
35
114
117
25
118
122
25
119
124
21
119
125
19
122
124
22
117
118
26
114
110
36
109
103
45
98
86
48
88
74
49
90
73
55
89
72
56
124
105
75
120
101
71
116
96
69
115
95
68
116
94
70
117
95
71
119
97
75
121
99
77
123
101
79
127
105
83
130
108
86
130
109
88
132
111
90
131
113
91
129
111
89
124
106
84
122
104
84
112
93
76
110
92
80
114
96
86
109
91
79
103
87
72
104
88
72
104
92
68
101
92
59
108
104
56
114
114
44
114
119
29
118
125
21
117
127
14
117
127
14
112
122
10
108
113
12
132
133
39
127
127
37
150
150
64
108
110
27
115
117
34
117
119
33
119
122
30
117
122
22
116
121
20
119
121
22
114
114
24
110
106
34
105
98
43
94
82
44
88
72
48
95
78
58
94
77
59
126
104
80
124
102
78
122
100
76
121
99
75
124
99
78
124
99
78
125
100
80
126
101
81
128
103
83
128
105
85
131
108
88
133
112
93
135
114
95
136
115
96
134
113
94
130
112
90
129
112
86
126
108
85
124
105
88
123
105
91
125
107
95
127
111
98
123
107
94
112
99
82
107
97
71
106
101
59
110
109
44
123
127
42
119
127
25
112
122
9
116
129
15
109
121
9
116
123
21
101
105
10
126
129
40
118
120
37
157
158
80
110
111
35
117
118
40
114
116
32
118
118
28
115
116
24
116
115
25
112
109
28
110
102
37
104
94
43
95
80
47
91
75
52
98
80
60
99
81
61
128
105
85
127
104
84
127
104
84
128
105
85
130
104
87
129
103
86
129
103
88
129
103
88
131
105
90
133
107
92
134
111
95
138
115
99
140
117
101
140
119
100
138
117
100
137
116
95
132
112
85
132
115
87
132
114
92
132
113
96
136
117
103
140
122
110
140
122
110
136
120
104
125
113
89
119
111
72
117
115
54
116
119
38
118
126
25
113
125
13
114
127
13
109
121
9
110
119
12
113
119
19
106
111
19
124
128
43
118
120
44
162
162
89
144
144
71
116
117
41
117
116
36
113
112
30
114
111
32
113
106
36
109
100
43
105
92
49
97
82
53
96
78
56
105
84
63
107
86
65
139
113
98
137
111
96
135
109
94
136
110
95
137
111
98
136
110
97
135
109
96
134
108
95
135
109
96
137
111
98
138
112
99
139
113
100
142
116
103
143
120
104
143
119
106
141
120
101
141
121
98
139
119
96
141
120
99
142
121
102
143
122
105
150
131
114
155
136
119
147
130
110
143
129
104
132
122
84
125
123
66
123
125
49
119
126
30
115
127
19
113
125
15
108
122
9
108
120
8
112
121
14
109
117
18
114
120
30
123
128
46
120
122
48
132
134
61
163
163
91
174
171
100
135
132
61
113
108
42
110
101
42
105
92
47
109
93
57
104
84
59
106
85
64
113
90
70
115
93
71
147
120
109
145
118
107
144
117
106
143
116
105
142
115
104
141
114
105
140
113
104
139
112
103
139
112
103
139
112
101
140
113
102
141
114
103
144
117
106
147
121
108
149
123
110
146
123
107
141
118
100
141
120
99
148
125
107
151
128
110
152
129
109
159
138
117
167
146
125
162
144
121
153
137
111
143
131
93
132
127
71
125
126
50
119
124
31
116
125
20
111
123
13
107
121
7
107
122
5
106
120
7
110
121
18
117
127
32
120
128
42
116
121
41
112
116
41
119
121
48
119
119
49
134
130
66
108
102
44
119
107
59
109
94
55
115
96
64
112
90
66
122
99
79
120
98
76
122
100
78
157
128
120
155
126
118
152
123
115
151
122
114
148
119
111
145
116
110
144
115
109
144
115
109
142
113
107
142
113
105
143
114
106
144
116
105
146
118
107
150
122
111
153
125
114
153
127
114
149
123
108
148
125
109
156
130
113
162
137
117
164
139
116
171
147
121
177
153
127
175
154
127
162
145
117
153
139
100
137
131
73
125
123
48
119
125
29
116
125
16
111
124
10
109
124
5
111
126
5
104
122
2
109
123
12
114
127
23
115
126
31
119
128
39
120
125
41
113
115
39
135
135
65
136
132
69
115
108
55
111
98
55
116
100
66
117
97
70
120
98
74
121
99
77
124
101
81
125
102
82
161
132
126
159
130
124
155
126
120
153
124
118
149
120
114
146
117
111
144
115
111
144
115
111
142
113
107
143
114
108
144
115
107
145
116
108
148
120
109
152
124
113
155
127
116
157
129
117
157
129
117
153
127
112
158
132
115
167
140
120
173
147
122
179
153
126
182
156
129
179
155
127
167
148
118
157
142
103
137
128
71
121
117
43
117
121
24
116
124
13
114
125
7
112
126
4
108
124
1
106
124
2
111
128
14
114
130
23
114
126
26
117
128
34
118
127
38
113
118
36
119
121
47
133
132
68
131
124
72
120
108
68
116
99
69
117
97
72
117
97
74
122
101
80
121
100
81
121
100
81
162
133
127
158
129
123
154
125
121
151
122
118
148
119
115
145
116
112
143
114
110
142
113
109
142
111
106
143
112
107
145
115
107
148
118
110
151
121
111
154
124
114
158
128
117
159
131
119
158
131
114
157
130
111
161
134
115
171
143
123
180
152
128
186
159
132
187
159
135
185
159
134
172
148
122
158
140
104
133
122
68
117
111
37
115
116
20
114
122
11
111
122
2
109
123
1
105
121
0
108
126
6
113
130
16
114
130
23
116
128
26
112
124
26
109
118
25
111
117
29
106
109
30
132
131
64
139
134
80
110
101
60
110
95
64
113
95
72
117
99
79
112
93
76
112
93
78
112
93
78
159
130
124
155
126
120
150
121
117
148
119
115
146
117
113
143
114
110
141
112
108
140
111
107
141
110
105
143
112
107
146
116
108
150
120
110
153
123
113
156
126
115
159
129
118
162
133
119
162
135
118
164
137
118
170
142
122
177
149
127
185
155
131
188
158
132
190
160
136
188
160
136
172
146
121
154
134
99
132
116
64
115
108
37
114
113
20
114
120
12
113
122
7
109
122
4
108
123
4
110
127
12
109
125
16
110
125
21
116
128
28
111
123
25
107
117
20
111
120
27
112
117
33
127
129
56
139
137
80
102
95
51
108
94
65
108
92
69
102
85
67
106
88
74
102
84
72
99
83
70
158
127
122
154
123
118
150
119
114
148
117
112
146
115
112
144
113
110
143
112
109
143
112
109
145
114
109
147
116
111
150
120
112
154
124
114
157
127
117
160
130
119
164
134
123
168
139
125
173
144
128
176
147
129
179
148
129
182
151
130
187
155
132
187
155
130
185
153
128
183
153
127
167
140
113
147
124
90
127
110
58
114
105
36
112
108
21
113
115
15
113
120
16
110
119
10
107
119
9
109
122
16
109
121
19
112
124
26
115
127
29
107
119
21
101
111
14
102
112
17
101
107
19
127
129
55
140
138
79
154
147
103
97
86
56
94
79
60
96
80
65
94
77
67
90
73
65
86
72
63
158
128
120
155
125
117
152
122
114
149
119
111
148
117
112
146
115
110
146
115
110
147
116
111
151
121
113
153
123
115
156
126
116
160
130
119
163
133
122
166
137
123
171
142
128
175
146
130
182
153
135
181
153
133
181
150
129
181
151
127
187
155
130
187
155
130
181
149
124
174
144
118
163
133
107
141
116
83
121
103
54
111
100
36
107
102
20
108
109
15
109
114
14
106
114
12
106
117
14
106
118
16
108
120
22
110
121
26
110
121
26
106
117
22
104
114
17
104
113
20
116
120
35
202
204
130
125
123
62
148
142
94
132
121
89
83
70
51
78
64
53
84
69
63
81
66
60
78
65
58
166
136
125
164
134
123
160
130
120
156
126
116
153
123
113
152
122
112
152
122
112
152
122
112
161
129
118
161
129
118
161
129
116
165
133
118
172
140
125
177
146
128
183
152
134
190
159
140
196
165
144
195
165
141
188
158
132
179
149
123
178
148
120
177
147
119
170
140
112
164
134
106
153
123
95
138
112
79
121
100
55
104
89
30
101
93
20
100
98
11
105
109
12
106
113
11
104
112
11
105
115
16
106
117
22
107
118
24
107
118
24
106
115
22
94
105
11
106
112
24
165
166
90
105
102
33
139
136
69
126
121
65
138
128
90
74
62
38
70
58
46
70
59
53
72
61
55
72
61
55
176
147
133
174
145
131
170
140
129
166
136
125
163
133
122
161
131
120
161
131
120
161
131
120
164
132
119
164
132
119
164
132
117
168
136
121
175
144
126
180
149
131
186
155
136
193
162
141
201
170
149
200
170
144
190
160
134
178
148
120
173
144
114
169
140
110
160
130
102
152
122
94
141
111
83
126
100
67
111
88
46
96
79
25
94
86
15
94
92
7
100
104
7
102
109
7
101
109
8
101
111
14
103
114
20
102
115
23
106
115
22
106
115
22
99
110
18
116
122
36
140
137
66
107
102
34
106
101
33
139
135
72
124
112
72
80
68
43
66
56
44
69
60
53
71
60
56
71
60
56
